%YAML:1.0
vocabulary: !!opencv-matrix
   rows: 100
   cols: 128
   dt: u
   data: [ 1, 1, 1, 1, 1, 1, 2, 2, 7, 6, 6, 5, 5, 5, 6, 6, 11, 10, 10,
       10, 9, 10, 12, 12, 10, 9, 10, 9, 9, 9, 11, 11, 6, 5, 6, 6, 6, 5,
       6, 6, 53, 35, 34, 34, 35, 29, 31, 37, 68, 49, 52, 51, 54, 51, 59,
       59, 36, 34, 44, 39, 38, 37, 45, 40, 12, 10, 11, 12, 12, 11, 13,
       13, 72, 50, 47, 49, 55, 51, 54, 59, 86, 74, 81, 76, 73, 67, 75,
       74, 54, 51, 68, 61, 54, 52, 66, 60, 13, 11, 12, 12, 11, 11, 14,
       15, 45, 36, 40, 39, 39, 37, 45, 46, 54, 49, 61, 58, 52, 51, 66,
       60, 42, 39, 53, 47, 40, 39, 54, 49, 30, 28, 27, 25, 28, 25, 26,
       26, 55, 46, 32, 28, 36, 36, 33, 37, 53, 36, 21, 23, 49, 49, 33,
       35, 25, 21, 16, 22, 49, 39, 19, 16, 39, 36, 35, 35, 39, 35, 34,
       34, 85, 60, 43, 41, 52, 44, 38, 50, 87, 50, 25, 30, 65, 53, 33,
       47, 31, 24, 17, 30, 80, 56, 21, 19, 39, 34, 33, 34, 40, 37, 35,
       34, 84, 55, 38, 39, 51, 45, 42, 55, 89, 57, 31, 35, 61, 39, 25,
       42, 32, 24, 19, 36, 83, 48, 18, 18, 30, 27, 25, 24, 30, 28, 26,
       26, 54, 40, 32, 31, 38, 32, 31, 39, 62, 47, 31, 34, 44, 27, 21,
       31, 27, 23, 20, 31, 56, 30, 15, 16, 24, 18, 20, 36, 54, 27, 17,
       19, 46, 35, 35, 42, 45, 25, 23, 30, 51, 39, 38, 34, 35, 30, 36,
       43, 32, 28, 30, 27, 29, 26, 29, 30, 29, 20, 22, 49, 82, 38, 21,
       21, 73, 43, 35, 43, 56, 34, 31, 44, 80, 50, 44, 43, 50, 45, 54,
       63, 41, 35, 38, 36, 41, 37, 41, 39, 29, 20, 22, 44, 81, 43, 23,
       22, 74, 43, 31, 35, 54, 40, 35, 45, 80, 61, 53, 46, 50, 43, 45,
       52, 41, 36, 41, 39, 41, 35, 37, 37, 24, 19, 18, 28, 55, 34, 21,
       19, 47, 31, 25, 26, 41, 37, 35, 37, 51, 43, 38, 30, 35, 35, 39,
       40, 31, 28, 31, 27, 29, 26, 30, 28, 19, 18, 45, 19, 21, 20, 46,
       18, 51, 30, 50, 24, 32, 27, 49, 27, 69, 27, 26, 25, 61, 29, 28,
       27, 36, 17, 20, 19, 39, 18, 19, 16, 22, 25, 71, 27, 26, 26, 67,
       25, 70, 40, 74, 35, 42, 36, 70, 37, 93, 37, 33, 35, 83, 38, 35,
       36, 47, 22, 24, 25, 53, 25, 24, 21, 21, 24, 71, 25, 24, 27, 75,
       27, 67, 37, 74, 35, 40, 36, 80, 41, 91, 38, 38, 38, 81, 36, 35,
       35, 45, 22, 26, 25, 51, 24, 25, 21, 19, 19, 51, 19, 20, 19, 50,
       20, 45, 27, 55, 28, 31, 25, 54, 30, 63, 28, 30, 29, 57, 25, 28,
       26, 32, 16, 20, 18, 35, 18, 20, 16, 43, 39, 40, 40, 40, 35, 38,
       39, 61, 56, 59, 58, 57, 51, 56, 58, 61, 51, 55, 59, 61, 52, 56,
       59, 37, 32, 36, 39, 41, 34, 35, 35, 45, 43, 47, 46, 46, 37, 38,
       39, 84, 70, 72, 70, 68, 56, 56, 66, 82, 62, 62, 71, 75, 60, 61,
       69, 36, 33, 38, 42, 44, 35, 35, 34, 22, 20, 23, 23, 25, 20, 20,
       20, 58, 40, 39, 39, 41, 34, 34, 41, 55, 40, 41, 45, 45, 31, 29,
       35, 17, 16, 19, 20, 20, 16, 16, 15, 4, 4, 4, 4, 4, 4, 4, 4, 6, 5,
       6, 5, 5, 4, 5, 5, 5, 5, 5, 5, 4, 3, 4, 4, 3, 3, 3, 3, 3, 2, 3, 2,
       40, 31, 17, 19, 43, 33, 17, 18, 61, 49, 24, 25, 56, 43, 21, 24,
       54, 42, 21, 23, 53, 44, 21, 23, 34, 27, 16, 17, 32, 27, 16, 17,
       54, 42, 21, 23, 59, 46, 21, 23, 88, 61, 28, 32, 80, 62, 26, 34,
       85, 55, 25, 30, 76, 63, 29, 35, 48, 38, 20, 22, 47, 39, 21, 22,
       52, 41, 21, 21, 52, 43, 21, 23, 87, 59, 26, 29, 78, 65, 30, 36,
       86, 59, 28, 33, 79, 61, 28, 34, 47, 38, 21, 24, 51, 42, 22, 23,
       35, 30, 17, 17, 34, 28, 16, 17, 56, 46, 23, 23, 54, 46, 23, 25,
       58, 47, 25, 26, 54, 42, 23, 25, 34, 28, 18, 20, 37, 30, 18, 18,
       16, 10, 9, 10, 15, 9, 9, 10, 83, 44, 33, 42, 66, 40, 37, 53, 91,
       47, 35, 47, 81, 49, 42, 60, 19, 10, 9, 13, 23, 12, 9, 12, 22, 14,
       11, 13, 19, 11, 10, 12, 114, 71, 51, 63, 91, 55, 46, 72, 115, 66,
       50, 76, 107, 65, 52, 78, 22, 12, 11, 18, 29, 13, 9, 14, 14, 10, 8,
       10, 15, 8, 7, 8, 95, 55, 40, 47, 71, 41, 33, 48, 96, 52, 42, 61,
       82, 36, 30, 51, 13, 8, 8, 12, 18, 7, 5, 8, 3, 2, 2, 2, 3, 2, 2, 2,
       14, 8, 6, 7, 10, 6, 6, 8, 14, 9, 7, 9, 12, 5, 5, 7, 3, 2, 2, 2, 3,
       1, 1, 1, 11, 12, 13, 13, 13, 12, 11, 11, 23, 23, 21, 22, 21, 20,
       19, 21, 35, 34, 27, 27, 29, 31, 28, 31, 28, 30, 23, 22, 25, 29,
       24, 24, 24, 24, 23, 25, 28, 30, 24, 22, 63, 47, 37, 39, 46, 47,
       37, 43, 76, 59, 37, 39, 60, 69, 50, 53, 47, 49, 31, 30, 45, 54,
       35, 32, 36, 37, 27, 28, 36, 47, 36, 32, 75, 62, 36, 36, 60, 73,
       48, 46, 83, 80, 43, 38, 69, 77, 42, 41, 49, 55, 32, 30, 52, 61,
       34, 30, 32, 35, 24, 22, 29, 36, 27, 25, 46, 54, 33, 29, 47, 61,
       37, 31, 51, 63, 36, 29, 46, 58, 35, 30, 35, 43, 28, 25, 36, 43,
       27, 24, 26, 17, 24, 43, 24, 17, 24, 46, 36, 22, 35, 67, 36, 22,
       34, 67, 37, 25, 35, 60, 35, 26, 37, 63, 26, 22, 25, 36, 26, 24,
       28, 37, 37, 22, 34, 68, 36, 21, 31, 65, 62, 34, 47, 86, 51, 29,
       38, 75, 64, 38, 41, 66, 49, 38, 44, 71, 34, 29, 31, 47, 38, 31,
       31, 42, 36, 23, 32, 64, 40, 24, 30, 56, 63, 38, 39, 66, 49, 37,
       43, 67, 61, 46, 45, 60, 47, 38, 38, 54, 32, 28, 31, 43, 34, 28,
       28, 38, 27, 20, 22, 36, 27, 21, 23, 36, 37, 28, 29, 42, 33, 28,
       31, 47, 34, 30, 30, 40, 32, 28, 29, 39, 23, 21, 22, 29, 23, 20,
       21, 27, 15, 10, 11, 10, 15, 10, 10, 10, 18, 12, 12, 10, 14, 10,
       11, 11, 12, 6, 5, 5, 8, 6, 6, 7, 2, 1, 1, 1, 2, 2, 2, 2, 65, 35,
       33, 37, 66, 37, 33, 37, 97, 51, 43, 47, 81, 48, 39, 48, 77, 31,
       20, 22, 45, 29, 24, 32, 6, 3, 4, 4, 8, 7, 7, 5, 90, 45, 32, 45,
       89, 47, 36, 48, 113, 58, 40, 60, 105, 60, 43, 63, 101, 40, 23, 31,
       64, 32, 24, 41, 9, 5, 6, 7, 13, 8, 7, 6, 72, 36, 28, 36, 73, 36,
       28, 36, 96, 46, 35, 46, 87, 45, 35, 50, 76, 34, 23, 25, 49, 23,
       19, 31, 9, 6, 8, 8, 11, 7, 6, 6, 3, 3, 3, 3, 3, 2, 2, 3, 24, 16,
       14, 14, 13, 11, 13, 20, 51, 34, 33, 37, 34, 31, 44, 61, 40, 35,
       38, 40, 37, 39, 50, 51, 4, 4, 3, 4, 4, 3, 3, 4, 64, 34, 26, 26,
       26, 22, 25, 45, 92, 63, 60, 67, 64, 58, 70, 89, 57, 55, 63, 66,
       59, 57, 65, 65, 4, 4, 3, 3, 3, 3, 4, 3, 60, 42, 26, 23, 24, 23,
       25, 33, 88, 84, 73, 64, 61, 58, 57, 63, 53, 58, 68, 65, 55, 54,
       61, 57, 2, 2, 2, 2, 2, 2, 2, 2, 17, 16, 12, 10, 10, 10, 12, 13,
       41, 49, 40, 29, 26, 29, 32, 32, 34, 39, 46, 38, 32, 32, 36, 34,
       25, 40, 25, 20, 24, 38, 23, 19, 40, 68, 34, 24, 34, 62, 33, 25,
       38, 67, 30, 21, 35, 68, 32, 22, 24, 41, 21, 16, 24, 43, 22, 16,
       29, 43, 28, 25, 31, 45, 26, 22, 64, 77, 46, 37, 47, 68, 39, 38,
       66, 84, 39, 29, 50, 89, 47, 36, 33, 64, 29, 20, 35, 71, 32, 20,
       24, 32, 21, 21, 25, 36, 22, 20, 60, 61, 34, 31, 42, 60, 38, 38,
       68, 83, 45, 35, 49, 74, 38, 36, 35, 64, 32, 24, 41, 70, 31, 21,
       15, 21, 14, 13, 15, 23, 15, 14, 27, 38, 22, 19, 25, 37, 23, 22,
       36, 57, 31, 24, 31, 46, 26, 24, 27, 44, 26, 21, 27, 40, 21, 19,
       27, 22, 29, 43, 49, 39, 40, 32, 76, 56, 51, 62, 77, 63, 55, 65,
       87, 50, 37, 32, 32, 34, 57, 82, 17, 14, 13, 10, 11, 17, 30, 28,
       35, 20, 23, 43, 54, 38, 41, 45, 111, 61, 37, 60, 103, 86, 62, 82,
       108, 54, 24, 22, 37, 36, 41, 71, 9, 8, 9, 7, 9, 10, 13, 9, 22, 12,
       13, 19, 27, 18, 19, 23, 78, 34, 20, 35, 73, 61, 45, 54, 71, 34,
       20, 14, 24, 25, 25, 37, 4, 5, 9, 5, 5, 4, 5, 3, 5, 3, 4, 4, 4, 3,
       5, 4, 8, 5, 4, 6, 8, 7, 9, 9, 7, 5, 4, 3, 4, 4, 5, 6, 1, 2, 2, 2,
       2, 1, 2, 1, 12, 8, 6, 14, 23, 10, 7, 8, 65, 24, 14, 58, 92, 21,
       10, 24, 90, 24, 12, 27, 34, 9, 13, 42, 7, 4, 3, 3, 5, 4, 6, 8, 20,
       24, 23, 43, 44, 18, 11, 11, 101, 39, 28, 88, 108, 29, 17, 40, 114,
       32, 10, 21, 34, 10, 11, 45, 6, 2, 2, 3, 5, 3, 3, 4, 23, 35, 45,
       69, 60, 33, 26, 22, 103, 50, 44, 83, 88, 39, 37, 59, 113, 42, 15,
       16, 21, 12, 12, 42, 6, 4, 3, 4, 4, 2, 2, 3, 22, 27, 36, 52, 48,
       36, 35, 27, 78, 38, 33, 44, 50, 38, 42, 63, 83, 37, 17, 13, 15,
       14, 14, 36, 8, 7, 8, 6, 4, 2, 3, 4, 44, 20, 16, 28, 42, 19, 16,
       30, 65, 28, 21, 41, 63, 26, 21, 41, 62, 27, 22, 36, 55, 28, 24,
       41, 35, 19, 18, 27, 42, 23, 18, 25, 64, 26, 20, 40, 63, 24, 19,
       40, 93, 37, 25, 57, 88, 33, 23, 51, 89, 36, 25, 52, 80, 35, 26,
